<?xml version="1.0"?>
<opencv_storage>
<righthand type_id="opencv-matrix">
  <rows>40</rows>
  <cols>40</cols>
  <dt>u</dt>
  <data>
    255 255 255 255 255 255 255 255 255 255 255 255 255 255 255 255 255
    255 255 255 255 255 255 255 255 255 255 255 255 255 255 255 255 255
    255 255 255 255 255 255 255 255 255 255 255 255 255 255 255 255 255
    255 255 255 255 255 255 255 255 255 255 255 168 168 255 255 255 255
    255 255 255 255 255 255 255 255 255 255 255 255 255 255 255 255 255
    255 255 255 255 255 255 255 255 255 255 255 255 255 255 255 255 255
    168 168 168 255 255 255 255 255 255 255 255 255 255 255 255 255 255
    255 255 255 255 255 255 255 255 255 255 255 255 255 255 255 255 255
    255 255 255 255 255 168 168 168 168 168 169 169 255 255 255 255 255
    255 255 255 255 255 255 255 255 255 255 255 255 255 255 255 255 255
    255 255 255 255 255 255 255 255 255 255 168 168 168 168 168 168 169
    169 169 255 255 255 255 255 255 255 255 255 255 255 255 255 255 255
    168 168 255 255 255 255 255 255 255 255 255 255 255 255 255 255 168
    168 168 168 168 169 169 169 169 169 255 255 255 255 255 255 255 255
    255 255 255 255 255 255 168 168 168 168 255 255 255 255 255 255 255
    255 255 255 168 168 168 168 168 168 168 169 169 169 169 169 170 255
    255 255 255 255 255 255 255 255 255 255 255 168 168 168 168 168 168
    255 255 255 255 255 255 255 255 168 168 168 168 168 168 168 168 168
    169 169 169 169 170 170 255 255 255 255 255 255 255 255 255 255 168
    168 168 168 168 168 168 168 255 255 255 255 255 255 168 168 168 168
    168 168 168 168 168 168 169 169 169 170 170 170 170 255 255 255 255
    255 255 255 255 255 167 168 168 168 168 168 168 168 168 255 255 255
    255 255 168 168 168 168 168 168 168 168 168 168 169 169 169 170 170
    170 170 255 255 255 255 255 255 255 255 167 167 167 167 168 168 168
    168 168 168 255 255 255 167 167 167 167 167 168 168 168 168 168 168
    168 169 169 169 170 170 170 170 170 255 255 255 255 255 255 255 255
    167 167 168 168 168 168 168 168 255 255 255 255 167 167 168 168 167
    168 168 168 168 168 168 168 169 169 169 170 170 170 170 170 170 255
    255 255 255 255 255 255 168 167 167 168 168 168 168 168 255 255 255
    255 255 167 167 167 167 167 168 168 168 168 168 168 169 169 169 169
    170 170 170 170 169 169 255 255 255 255 255 255 167 167 167 167 167
    167 168 168 168 168 167 167 167 167 167 167 167 167 168 168 168 168
    168 168 169 169 169 169 169 170 170 170 170 169 255 255 255 255 255
    255 168 168 168 168 167 167 167 168 168 168 167 167 167 167 167 167
    167 167 168 168 168 168 168 168 169 169 169 169 169 170 170 170 169
    255 255 255 255 255 255 255 168 168 168 167 167 167 167 167 167 167
    167 167 168 167 167 167 167 167 168 168 168 168 168 168 169 169 169
    169 170 170 170 170 169 255 255 255 255 255 255 168 168 168 168 167
    167 167 167 167 167 167 167 168 168 168 167 167 167 167 168 168 168
    168 168 168 169 169 169 169 170 170 170 170 255 255 255 255 255 255
    168 168 168 168 168 167 168 167 168 167 167 167 167 167 168 168 168
    168 168 168 168 168 168 168 168 168 169 169 169 170 170 170 170 170
    255 255 255 255 255 255 168 168 168 168 168 168 168 167 168 168 168
    167 167 168 167 167 168 168 168 168 168 168 168 168 168 168 168 169
    169 170 170 170 170 255 255 255 255 255 255 255 168 168 168 168 168
    168 168 167 168 168 168 167 167 167 167 167 168 168 168 168 168 168
    168 168 168 168 169 169 169 170 170 170 170 255 255 255 255 255 255
    255 168 168 168 168 168 168 168 168 168 168 168 167 167 167 167 168
    168 168 168 168 168 168 168 168 168 168 169 169 169 169 170 170 170
    255 255 255 255 255 255 255 168 168 168 168 168 168 168 168 168 168
    168 167 167 167 167 168 168 168 168 168 168 168 168 168 168 168 169
    169 169 169 170 170 170 255 255 255 255 255 255 255 168 168 168 168
    168 168 168 168 168 168 168 168 168 167 168 168 168 168 168 168 168
    168 168 168 168 169 169 169 169 169 169 170 255 255 255 255 255 255
    255 255 168 168 168 168 168 168 168 168 168 168 168 168 168 168 168
    168 168 168 168 168 168 168 168 168 168 169 169 169 169 169 169 169
    255 255 255 255 255 255 255 255 168 168 168 168 168 168 168 168 168
    168 168 168 168 168 168 168 168 168 168 168 168 168 168 168 168 168
    169 169 169 169 169 169 170 255 255 255 255 255 255 255 168 168 168
    168 168 168 168 168 168 168 168 168 168 168 168 168 168 168 168 168
    168 168 168 168 168 168 169 169 169 169 169 169 170 170 255 255 255
    255 255 255 168 168 168 168 168 168 168 168 168 168 168 168 168 168
    168 168 168 168 168 168 168 168 168 168 168 168 168 169 169 169 169
    169 170 170 255 255 255 255 255 255 168 168 168 168 168 168 168 168
    168 168 168 168 168 168 168 168 168 168 168 168 168 168 168 168 168
    168 169 169 169 169 170 170 170 170 255 255 255 255 255 255 168 168
    168 168 168 168 168 168 168 168 168 168 168 168 168 168 168 168 168
    168 168 168 168 168 168 168 169 169 169 169 169 169 170 255 255 255
    255 255 255 255 168 168 168 168 168 168 168 168 168 168 168 168 168
    168 168 168 168 168 168 168 168 168 168 168 168 168 169 169 169 169
    169 169 255 255 255 255 255 255 255 255 167 168 168 168 168 168 168
    168 168 168 168 168 168 168 168 168 168 168 168 168 168 168 168 168
    168 168 168 169 169 169 169 255 255 255 255 255 255 255 255 255 167
    168 168 168 168 168 168 168 168 168 168 168 168 168 168 168 168 168
    168 168 168 168 168 168 168 168 168 168 169 255 255 255 255 255 255
    255 255 255 255 255 167 167 168 168 168 168 168 168 168 168 168 168
    168 168 168 168 168 168 168 168 168 168 168 168 168 168 168 168 255
    255 255 255 255 255 255 255 255 255 255 255 167 167 168 168 168 168
    168 168 168 168 168 168 168 168 168 168 168 168 168 168 168 168 168
    168 168 168 168 255 255 255 255 255 255 255 255 255 255 255 255 255
    167 167 167 168 168 168 168 168 168 168 168 168 168 168 168 168 168
    168 168 168 168 168 255 255 255 255 255 255 255 255 255 255 255 255
    255 255 255 255 255 255 167 167 167 167 168 168 168 168 168 168 168
    168 168 168 168 168 168 168 168 168 168 255 255 255 255 255 255 255
    255 255 255 255 255 255 255 255 255 255 255 255 167 167 167 167 168
    168 168 168 168 168 168 168 168 168 168 168 168 168 168 168 255 255
    255 255 255 255 255 255 255 255 255 255 255 255 255 255 255 255 255
    255 167 167 167 167 167 167 168 168 168 168 168 168 168 168 168 167
    168 255 255 255 255 255 255 255 255 255 255 255 255 255 255 255 255
    255 255 255 255 255 255 255 167 167 167 167 167 167 167 167 167 167
    168 168 168 168 168 255 255 255 255 255 255 255 255 255 255 255 255
    255 255 255 255 255 255 255 255 255 255 255 255 255 167 167 167 167
    167 167 167 167 167 167 167 168 255 255 255 255 255 255 255 255 255
    255 255 255 255 255 255 255 255 255 255 255 255 255 255 255 255 255
    255 255</data></righthand>
</opencv_storage>
