<?xml version="1.0"?>
<opencv_storage>
<righthand type_id="opencv-matrix">
  <rows>40</rows>
  <cols>40</cols>
  <dt>u</dt>
  <data>
    153 153 153 153 153 153 153 153 153 153 153 153 152 152 151 151 151
    151 150 150 150 149 146 146 145 144 143 142 142 142 143 143 144 144
    145 144 144 144 144 143 153 153 153 153 153 153 153 153 153 153 153
    153 152 152 152 151 151 151 151 150 149 149 146 146 145 144 143 142
    142 142 142 143 144 144 144 144 144 144 143 143 153 153 153 153 153
    153 153 153 153 153 153 153 152 152 152 151 152 151 150 150 149 148
    147 146 145 145 143 142 142 142 142 142 143 143 144 144 143 143 142
    142 153 153 153 153 153 153 153 153 153 153 153 153 152 152 152 151
    151 151 150 150 149 148 147 146 145 145 143 142 141 142 142 142 142
    143 143 143 142 142 142 142 153 153 153 153 153 153 153 153 153 153
    153 153 152 152 152 151 151 151 151 150 149 148 147 147 145 144 144
    141 141 141 141 142 142 143 143 143 142 142 142 142 153 153 153 153
    153 153 153 153 153 153 153 153 152 152 152 151 151 151 151 150 149
    148 147 146 146 145 255 255 255 141 141 142 142 142 142 142 142 142
    142 142 153 153 153 153 153 153 153 153 153 153 153 153 152 152 152
    151 151 151 151 150 149 148 147 146 146 145 145 255 255 140 140 141
    141 142 142 142 142 142 142 142 153 153 153 153 153 153 153 153 153
    153 153 153 152 152 152 151 152 151 151 150 149 149 147 146 146 146
    145 255 255 141 140 141 141 141 142 142 142 142 142 142 153 153 153
    153 153 153 153 153 153 153 153 153 152 152 152 151 152 151 150 150
    149 149 147 146 146 146 146 255 255 255 140 141 141 141 141 141 142
    142 142 142 153 153 153 153 153 153 153 153 153 153 153 153 153 152
    152 152 152 151 151 150 150 149 148 146 146 146 146 255 255 255 139
    140 141 141 141 141 142 142 142 142 153 153 153 153 153 153 153 153
    153 153 153 153 153 152 152 152 152 152 151 150 150 149 149 147 146
    146 157 255 255 255 140 139 141 141 141 141 142 142 142 143 154 153
    153 153 153 153 153 153 153 153 153 153 152 152 152 152 152 151 159
    159 150 149 158 158 157 157 156 156 255 255 255 140 140 141 141 141
    142 142 143 143 153 153 153 153 153 153 153 153 153 153 153 152 152
    152 151 151 152 151 159 159 159 159 158 158 157 157 156 155 155 255
    255 255 140 141 141 141 142 142 144 144 153 153 153 153 153 153 153
    153 153 153 153 152 152 152 151 151 160 160 159 159 159 159 159 158
    157 157 156 156 156 156 255 255 255 141 140 141 143 145 145 145 153
    153 153 153 153 153 153 153 153 153 153 152 152 152 160 160 160 160
    160 159 159 159 159 159 158 157 157 156 156 155 155 155 255 255 148
    147 147 147 147 146 153 153 153 153 153 153 153 153 153 153 153 153
    152 152 159 160 160 160 160 160 159 159 159 159 158 157 157 156 156
    155 155 155 153 148 148 149 149 147 148 147 153 153 153 153 153 153
    153 153 153 153 153 153 153 152 160 160 160 160 160 160 159 159 159
    159 158 157 157 156 156 155 155 155 154 152 151 150 149 149 149 148
    153 153 153 153 153 153 153 153 153 153 153 153 153 152 160 160 160
    160 160 159 159 159 159 159 158 157 157 156 156 155 155 155 154 153
    151 151 150 150 149 149 153 153 153 153 153 153 153 153 153 153 160
    153 153 152 152 160 160 160 160 159 159 159 159 159 158 158 157 156
    156 155 155 155 154 154 152 151 151 150 150 149 154 154 153 153 153
    153 153 153 153 160 160 153 152 152 152 160 160 159 159 159 159 159
    159 159 158 158 157 156 156 155 155 155 155 154 152 151 151 150 150
    149 154 154 153 153 153 153 153 153 152 160 160 152 152 152 152 160
    160 159 159 159 159 159 159 159 158 158 157 156 156 155 155 155 155
    154 153 152 151 150 150 149 154 154 153 153 153 153 153 153 152 160
    160 153 153 152 152 160 160 159 159 159 159 159 159 159 158 158 157
    157 156 155 155 155 154 154 152 151 150 150 149 148 154 154 153 153
    153 153 153 153 152 159 159 160 160 160 160 160 160 159 159 159 159
    159 159 158 158 157 157 156 156 155 155 155 154 153 153 151 150 149
    149 147 154 154 154 153 153 153 153 153 153 159 159 159 160 160 160
    159 160 159 159 159 159 159 159 158 158 157 157 156 156 155 155 155
    154 153 152 151 149 149 147 147 154 154 154 153 153 153 153 153 153
    159 159 159 159 160 160 159 159 159 159 159 159 159 158 158 157 157
    156 156 155 155 155 154 153 152 151 150 149 148 147 147 154 154 154
    154 153 153 153 154 153 153 159 159 159 159 159 159 159 159 159 159
    159 159 158 158 157 157 156 155 155 155 155 154 153 152 151 150 149
    148 147 147 154 154 154 154 154 154 154 153 153 153 153 159 159 159
    159 159 159 159 159 159 159 159 150 150 149 149 156 155 155 155 154
    153 153 151 151 150 149 148 148 255 154 154 154 154 154 154 153 153
    153 153 153 159 159 159 159 159 159 159 159 159 151 151 150 150 149
    149 149 155 155 155 154 153 152 151 150 149 148 255 255 255 154 154
    154 154 154 153 153 153 153 153 153 153 159 159 159 159 159 159 159
    151 151 151 150 150 149 149 149 149 155 155 154 153 255 255 150 150
    255 255 255 255 154 154 154 154 154 154 153 153 153 153 153 153 153
    153 159 159 152 152 152 152 151 151 151 150 149 149 149 149 155 255
    255 255 255 255 255 255 255 255 255 255 154 154 154 154 154 154 153
    153 153 153 153 153 153 153 152 152 152 152 152 152 152 151 151 150
    150 149 149 149 255 255 255 255 255 255 255 255 255 255 255 255 154
    154 154 154 154 154 153 153 153 153 153 153 153 152 152 152 152 152
    152 152 151 151 151 150 150 149 149 149 149 255 255 255 255 255 255
    255 255 255 255 255 154 154 154 154 154 154 154 154 153 153 153 153
    153 153 152 152 152 152 152 152 151 151 151 150 150 149 149 149 149
    255 255 255 255 255 255 255 255 255 255 255 154 154 154 154 154 154
    153 153 153 153 153 153 153 153 152 152 152 152 152 152 151 151 151
    150 150 149 149 149 149 255 255 255 255 255 255 255 255 255 255 255
    154 154 154 154 154 154 153 154 153 153 153 153 153 153 153 152 152
    152 152 151 151 151 150 150 150 149 149 148 148 255 255 255 255 255
    255 255 255 255 255 255 154 154 154 154 154 154 154 154 154 153 153
    153 153 153 153 152 152 152 152 151 151 151 150 150 150 149 149 148
    148 255 255 255 255 255 255 255 255 255 255 255 154 154 154 154 154
    154 154 154 154 154 153 153 153 153 153 152 152 152 152 151 151 151
    150 150 150 149 149 148 147 255 255 255 255 255 255 255 255 255 255
    255 154 154 154 154 154 154 154 154 154 154 153 153 153 153 153 152
    152 152 152 151 151 151 151 150 150 149 148 148 147 255 255 255 255
    255 255 255 255 255 255 255 154 154 154 154 154 154 154 154 154 154
    154 153 153 153 153 152 152 152 152 152 151 151 151 150 150 149 148
    147 147 255 255 255 255 255 255 255 255 255 255 255 154 155 154 154
    154 154 154 154 154 154 154 153 153 153 153 152 152 152 152 152 151
    151 151 151 150 149 149 147 146 145 255 255 255 255 255 255 255 255
    255 255</data></righthand>
</opencv_storage>
