<?xml version="1.0"?>
<opencv_storage>
<rightHand type_id="opencv-matrix">
  <rows>65</rows>
  <cols>55</cols>
  <dt>f</dt>
  <data>
    9.57890570e-001 -6.31567359e-001 -3.24915707e-001 6.75283730e-001
    2.09126040e-001 1.92450687e-001 -5.75428545e-001 -5.25196254e-001
    -6.03729188e-001 4.59409416e-001 -2.48338319e-002 2.50827879e-001
    1.34024560e-001 -3.49454463e-001 4.97238934e-002 2.01700792e-001
    -9.09267515e-002 3.36351037e-001 -1.86087489e-001 1.04446104e-002
    -1.19726352e-001 7.11534843e-002 6.51289448e-002 -1.23692505e-001
    -1.12316124e-001 1.03217877e-001 -6.49638921e-002 6.13253601e-002
    -1.05570182e-002 -1.63806360e-002 -6.21111877e-002 1.53173842e-002
    2.66678277e-002 -2.05348991e-002 1.39294751e-003 -1.31797157e-002
    3.25683574e-003 3.23620886e-002 -7.60383904e-003 -2.52164826e-002
    -2.39174161e-002 -1.83209646e-002 2.09391005e-002 2.77230237e-003
    -1.64554361e-003 9.71810613e-003 -2.08478477e-002 -9.49980970e-003
    -1.17133074e-002 5.37851267e-003 -1.04798675e-002 7.18129985e-003
    1.87629578e-003 -6.19187579e-003 1.97485322e-003 1.05827856e+000
    -8.73737395e-001 -1.80712327e-001 7.32940316e-001 7.60737285e-002
    2.40524828e-001 -1.49231747e-001 -3.65165204e-001 -4.60463107e-001
    -1.29742948e-002 -4.70954180e-002 -6.69743568e-002 1.41359761e-001
    3.11599761e-001 2.61288881e-001 -1.85191080e-001 -4.52568978e-002
    -2.81368136e-001 8.35782290e-002 1.94648713e-001 1.19370952e-001
    -7.87138790e-002 1.18159287e-001 1.32005036e-001 -8.66282359e-003
    -1.06349103e-001 1.66180536e-001 -1.17762648e-001 4.57247943e-002
    6.47304505e-002 1.31240964e-001 1.02414422e-001 -7.39520341e-002
    -4.97297570e-003 -1.02959229e-002 -1.53898858e-002 3.31036095e-003
    -9.21370834e-003 9.65444371e-002 -2.00728551e-002 -1.76181812e-002
    8.30244645e-003 5.54194488e-003 6.94231316e-003 -2.47558691e-002
    -3.65937222e-003 2.86850855e-002 4.51143757e-002 -1.08939288e-002
    1.75397675e-002 -1.35489041e-002 1.14076808e-002 1.52594345e-002
    4.50926134e-003 -1.36920018e-002 1.14856398e+000 -9.70606863e-001
    8.45046528e-003 5.81013381e-001 -1.39037520e-001 9.89511833e-002
    -9.37826931e-002 -8.39522183e-002 -3.20396662e-001 -3.62603456e-001
    -1.23328477e-001 -2.75156796e-001 1.96485341e-001 3.48955333e-001
    -1.31269932e-001 -3.35009955e-002 1.13735415e-001 -9.84570235e-002
    1.24983996e-001 -2.28467560e-003 -1.23464502e-002 1.36677042e-001
    -1.53948352e-001 -1.35892615e-001 2.01008201e-001 5.99751808e-002
    -1.20404527e-001 5.13586998e-002 4.74758707e-002 -2.08670348e-002
    -6.78745657e-002 -1.78209603e-001 1.34336427e-001 -4.88444455e-002
    3.83688253e-003 5.36085665e-002 2.02878267e-002 -7.51355616e-003
    -5.26490360e-002 2.39186198e-003 5.05881794e-002 -1.27366064e-002
    -4.13469262e-002 -3.22277471e-002 9.25158039e-002 -4.33759764e-003
    -9.51374788e-003 -2.88518555e-002 3.34321447e-002 -6.15922175e-003
    2.05890816e-002 -1.58067439e-002 -2.38810480e-003 7.94644747e-003
    1.73003096e-002 1.03078878e+000 -1.03619325e+000 -5.68024255e-002
    1.79298237e-001 -3.23710144e-001 -6.91857859e-002 -2.44558841e-001
    3.44820887e-001 1.51965410e-001 -3.12712252e-001 -3.16539913e-001
    -2.69320399e-001 1.27507538e-001 -1.74442306e-001 2.46345904e-002
    6.49421290e-002 4.41438407e-001 2.96810329e-001 1.36687025e-001
    -3.18874359e-001 5.00987917e-002 -1.36654645e-001 -3.94940041e-002
    1.30889207e-001 -9.97844413e-002 -2.92440858e-002 1.08361263e-002
    -2.39116065e-002 -7.15165436e-002 -5.35682123e-003 7.46252760e-002
    5.62922098e-002 -4.29270528e-002 -3.14628799e-003 1.34963216e-002
    2.76716501e-002 3.12617496e-002 5.20912185e-003 -2.87218392e-002
    -1.98029764e-002 -7.18672061e-003 1.92267783e-002 4.02390817e-003
    6.29483983e-002 -3.90705056e-002 5.90736903e-002 -1.33306645e-002
    1.82995126e-002 -3.83606963e-002 9.62595642e-003 6.62727235e-003
    -9.34116542e-003 -2.06113178e-002 -4.02579275e-007 -2.03022994e-002
    1.10840261e+000 -8.61445487e-001 -3.17310989e-001 1.02996849e-001
    -5.89481950e-001 -4.21751179e-002 -5.29609501e-001 1.69839844e-001
    5.63225925e-001 -1.82468086e-001 1.87402830e-001 -1.08271755e-001
    -1.29396006e-001 -2.22377568e-001 -1.60442397e-001 2.47702241e-001
    -2.62030542e-001 8.19981284e-003 1.56023204e-001 3.02000523e-001
    1.56356562e-002 -1.66402876e-001 -1.65764719e-001 -2.25301664e-002
    4.39382419e-002 -1.23997323e-001 7.67555684e-002 1.66403595e-002
    3.79589200e-002 1.21862486e-001 -1.55940354e-001 4.63132560e-002
    -1.79558888e-003 -4.32458706e-003 -2.79587731e-002 -1.21259224e-002
    -5.74898496e-002 2.03283019e-002 4.46985383e-003 9.94826667e-003
    -3.83638293e-002 -1.68617629e-002 4.72128727e-002 -3.71933170e-002
    -2.10846178e-002 -1.12071391e-002 3.62139870e-003 -5.52766549e-004
    2.11429633e-002 -2.07488122e-003 -9.57155775e-004 -1.42451818e-003
    2.71071363e-002 3.45334830e-003 7.20710959e-003 1.02642965e+000
    -8.72946918e-001 -2.43725449e-001 3.12935174e-001 -1.61115527e-002
    -1.19230658e-001 -4.69733477e-001 2.60229826e-001 5.23608208e-001
    3.81963067e-002 1.88323870e-001 -1.12355575e-001 -4.74102348e-001
    2.68374801e-001 1.59617588e-001 4.51088743e-003 -1.10531978e-001
    -1.74105033e-001 -2.13874117e-001 -1.98887572e-001 -8.43333974e-002
    4.34913710e-002 1.76638901e-001 -6.87058941e-002 -7.25524873e-002
    4.88212518e-002 -3.75880338e-002 1.65211096e-001 -4.53336611e-002
    -1.75230369e-001 8.13086331e-002 -2.12558582e-002 -5.95269911e-002
    6.22423179e-002 -8.18017498e-002 -4.68011573e-002 3.27772610e-002
    1.22100429e-003 1.66384540e-002 1.65416964e-003 1.15769785e-002
    2.24289522e-002 -4.75179479e-002 1.13281161e-002 -1.57435017e-004
    -2.44898573e-002 1.18810302e-002 -2.88589522e-002 1.72718447e-002
    -1.87009592e-002 -5.44846850e-003 9.90089215e-003 -1.46626048e-002
    -1.63578261e-002 7.36157550e-003 1.09473205e+000 -1.08161521e+000
    -4.18368280e-001 -1.33620590e-001 3.79932016e-001 -3.11370611e-001
    1.11006767e-001 1.27003610e-001 3.06046307e-001 5.41889191e-001
    -2.25315914e-002 1.97834730e-001 -1.54326349e-001 1.58998519e-001
    -2.26056293e-001 -3.79817009e-001 1.81408152e-001 3.88177931e-002
    -3.30730855e-001 5.27613349e-002 1.40125990e-001 1.11120194e-002
    -1.99944302e-001 6.45516813e-002 -1.01354070e-001 -4.43161130e-002
    -2.31404062e-002 -8.54962021e-002 3.07290126e-002 5.70093542e-002
    -3.52924652e-002 1.24780172e-002 1.00992918e-001 2.99843084e-002
    1.28380001e-001 7.53605813e-002 -1.23163220e-002 -7.88954645e-003
    1.76866893e-002 2.97186226e-002 2.75692716e-003 -7.63458991e-003
    1.38915926e-002 -3.33723053e-002 1.03783123e-002 -3.55801615e-003
    -1.94669999e-002 2.13318113e-002 -8.53327289e-003 -3.27104051e-003
    7.47012498e-004 4.18057945e-003 8.16955604e-003 1.78308636e-002
    -4.30502184e-003 9.19034898e-001 -5.85679233e-001 -7.97951519e-001
    -5.82946062e-001 5.41527808e-001 -5.05490839e-001 1.54194400e-001
    2.05781441e-002 2.42005914e-001 4.75002944e-001 2.91363806e-001
    -1.45810116e-002 6.83908761e-002 -1.57201812e-001 1.97754651e-001
    4.74272929e-002 1.30793855e-001 6.41311631e-002 3.73872578e-001
    9.37405080e-002 -1.78739671e-002 1.15026884e-001 1.10473044e-001
    8.96640995e-004 1.91946700e-001 1.57881662e-001 1.93431564e-002
    -8.98948982e-002 1.04142569e-001 -9.32492316e-003 2.62554251e-002
    -8.68833587e-002 -8.96792859e-002 -5.83109669e-002 -5.66526726e-002
    -4.86503169e-003 5.37102297e-002 -2.52403747e-002 -9.35034547e-003
    -3.01577374e-002 4.93360050e-002 -3.07347765e-003 8.21220689e-003
    1.23785380e-002 1.47922393e-002 1.38944341e-002 2.99248490e-002
    1.13850906e-002 8.34392291e-003 7.67798396e-003 6.40338613e-003
    -3.74169298e-003 -8.32132995e-003 4.25686958e-005 -6.52057398e-003
    7.42415369e-001 3.66249718e-002 -1.75245225e-001 -5.16573012e-001
    6.50870800e-001 -7.05716431e-001 7.55015463e-002 2.33741701e-002
